711 854 1551 5146 3691 5540 2630 649 5762 419 2512 
710 3923 2302 4306 2846 760 2650 2657 2656 764 3049 132 1059 2658 5745 3410 2319 5500 4476 5968 1776 2326 6000 5628 2381 4387 2664 1071 6249 1299 5059 544 545 2016 2844 3858 408 1094 1551 1315 3495 3765 3766 1068 5146 3483 785 5326 4885 5460 1957 123 5467 5758 3642 4875 133 4599 2557 425 1063 1062 50 5306 424 1524 2146 6311 6316 4481 2258 1385 1414 2399 2845 3949 5426 595 1908 824 2770 2773 4047 1127 6453 6147 4650 4653 921 2877 6283 929 5762 6388 832 4283 4046 831 2195 5255 3026 2548 3618 4720 4438 2666 2173 6066 3048 3047 1397 2388 6306 1528 1657 1258 3812 5002 441 3950 3319 383 5914 4354 5484 5120 248 4118 5824 3391 4116 39 3331 2040 2272 5576 788 3015 1243 3691 649 2166 4011 1001 431 5233 1224 5114 3805 5034 2297 576 456 1347 4366 403 6439 4107 5668 6156 172 5130 854 6300 484 3456 6430 1638 5231 5540 596 5700 859 3515 6173 6115 2689 4247 738 5294 2682 3601 1214 2029 5021 2631 1356 1919 6194 3516 5899 6402 2212 1620 4934 4935 2894 4525 4050 968 4072 709 1011 6190 1518 3501 6054 4726 1673 819 2106 6219 3066 1165 4393 155 885 3636 1847 4244 277 5119 4240 5525 5528 5889 5496 232 2708 2134 4695 1812 1057 1058 3302 5260 6104 3100 5190 5716 322 5809 1365 1892 1757 5800 2503 2502 1566 4961 2873 1175 5164 2876 4318 1361 5068 3356 2843 3059 1887 3470 3055 1043 2089 1280 2336 2126 4242 1602 1289 4661 1472 3994 471 3576 350 3984 4582 126 4580 2959 
5308 3551 5828 3252 3254 3857 3855 3994 348 1798 712 2857 6099 1491 5467 5265 5303 5306 5917 1664 5858 3775 4325 1088 272 4650 4653 4550 4551 1015 2261 2763 2449 1238 5778 5672 4358 4353 2046 903 6273 2045 906 2040 6278 31 5573 36 640 339 3805 4106 853 5705 859 3515 347 6203 3896 4156 3201 4072 3963 5817 3537 2868 5085 4617 5458 5355 5354 1054 5352 2228 2229 6105 2220 1753 4313 1274 1275 1276 1888 4464 5461 2088 3114 1289 6038 689 2534 5172 2658 2717 1303 2650 5079 137 5746 5072 5627 5626 4381 3791 403 6247 5996 1959 4139 3245 4481 370 1484 6148 3302 5492 1710 5313 1718 5316 5846 5840 1650 4549 2275 3011 2572 1438 2372 3592 3594 4747 1347 4340 2881 2056 652 650 2112 2113 2626 3522 5899 1916 5716 3889 2693 2692 6380 884 4912 1616 1966 1967 324 325 5247 3054 2971 4714 2331 5369 4303 1146 1147 1263 666 3495 1265 2096 5505 3173 4672 545 2246 2247 994 2466 1310 999 129 6257 3949 3942 4287 2667 2933 3317 3316 1727 4752 5243 4383 5970 3616 1779 2297 258 3169 2203 1582 508 505 500 1214 637 1356 2426 4444 3729 166 4839 4682 6351 4938 2894 2103 2511 2105 2104 4087 4088 5294 5295 5118 3865 3530 5881 5885 678 5052 5722 6222 3183 890 892 3918 4920 5204 3229 4157 4155 802 801 807 3981 216 2960 2842 3320 6121 6120 3045 4707 4705 4704 2328 1072 5279 5900 1677 1159 3767 3484 3135 3136 5516 2557 6019 4647 2496 2396 2397 2395 533 2399 2476 4898 981 2494 5600 4804 5569 4419 4417 4415 4411 6066 915 914 6306 911 424 912 2603 3818 1936 824 5127 5121 3467 3466 4293 3066 2926 6161 6160 6166 3212 3213 5234 5786 5863 753 757 1595 1594 2958 2959 2184 3171 225 3172 1027 1184 2218 1180 2351 2354 1164 155 154 1204 4454 3734 1892 6342 4927 4925 952 3100 1112 2503 6025 1448 2725 4090 5285 2728 5736 1355 5732 5046 1807 5634 3789 
5309 3717 4726 2960 565 3712 666 2650 1186 1265 133 132 4024 2658 3344 4786 956 4783 491 4029 4704 3553 2324 5375 1077 3120 5986 6066 1381 5080 340 544 545 1467 2016 284 3835 2466 3495 1090 3765 5146 5887 1116 5017 3055 4563 938 4814 4731 3405 2619 5467 3406 5707 5999 5516 6398 422 5595 3564 2557 2558 3035 3036 3662 1065 5306 5615 6313 2184 533 860 825 1385 4132 1383 6316 4898 595 824 5019 1127 1480 274 4650 5307 3329 6148 2438 4204 5006 5250 831 4804 4805 791 2069 1155 5311 2548 5317 799 2666 2664 522 2397 1402 6306 1657 5002 5001 2449 1231 2939 1337 3950 3956 2603 2931 3319 4974 1545 1937 3955 386 1934 1634 5773 5123 4155 6273 5088 1980 2273 840 3500 2577 5446 1649 4427 2570 6199 1537 5834 1535 2672 2675 5874 5973 2399 514 6078 4188 2614 2613 3594 3805 3619 2297 2295 1347 592 2808 3868 66 4106 4721 2199 970 2566 3008 6166 2881 3368 971 1425 5705 1732 3694 859 3363 731 183 2 734 4395 3210 403 188 505 3750 2689 4145 2623 1206 2624 5021 2123 1587 5555 4441 3547 4240 738 4607 167 4603 3231 5912 6119 1188 6297 5716 1629 6423 867 4295 6196 2959 5601 6056 2028 1741 1513 4366 155 154 1316 1204 557 2430 5119 1203 1202 3530 5696 5524 4454 4978 3233 4860 3109 2342 874 875 2904 2348 1962 1963 5388 6227 6225 645 4765 3188 2726 3914 4096 5166 3910 610 3147 2728 3757 5736 5013 4754 5535 3059 5046 2971 3359 478 3135 1805 2333 3786 5310 3543 2083 1602 1289 3220 5776 433 3197 4589 3989 5931 3984 3631 3986 1594 1369 
5300 4898 5942 154 859 1988 4124 6313 6066 5736 403 3066 3269 2971 1892 
5301 906 6019 5306 5716 6166 
5302 4599 3927 4246 4738 3931 5475 3323 1385 2825 2016 361 
5303 1144 2650 1265 2096 2328 1220 5900 3994 1155 4882 1319 5751 3644 5308 2557 5304 4647 5306 4481 1664 2476 1084 3942 3829 4326 6384 273 2309 4417 2981 3479 1527 5685 424 1013 1135 784 32 36 642 5874 3594 3805 334 5438 5786 1736 6206 650 1505 505 2426 2588 4444 2184 5899 4377 2016 5716 1628 3889 3965 1516 2513 1166 5110 5113 5294 5295 5881 3066 4454 1892 3233 4003 4004 1197 1196 3187 2031 1561 6229 1449 3386 2721 3949 2728 1889 4664 4665 1602 1607 4663 1365 5931 1573 1577 
5304 3949 5391 5110 3594 3805 5294 5035 3066 3537 5602 5643 1897 257 1892 4340 3233 2487 4415 2962 324 325 421 367 3994 5683 5383 2626 5931 442 4882 6362 2728 255 4767 6155 2184 2999 505 1045 4665 1184 5303 3889 6216 476 5874 947 4752 65 
5305 960 3595 2449 3686 5306 1611 2359 2959 282 
5306 1718 4024 5981 5986 5984 340 3998 3995 3994 349 3990 6356 967 4933 960 4733 4731 2315 5855 5858 293 291 3771 3770 3777 3775 968 3779 4522 270 272 273 274 4650 278 279 4658 4660 1780 2262 2266 2446 2449 107 2046 2045 2040 2041 2048 4145 6372 3519 3517 3515 6206 6207 2689 6202 6203 2686 6208 99 98 91 1623 5183 3205 1992 1994 1628 3209 3208 2865 555 557 5480 5458 3341 5455 1197 1196 1756 1750 1177 1175 1173 4253 4252 5533 5532 5537 5535 1005 1287 1286 1289 689 3431 685 1572 1571 686 458 620 4383 4381 5622 4384 1370 405 403 1376 3834 3835 3836 3837 3832 4033 5996 5999 377 392 6141 6140 6144 399 398 2309 2303 4726 4721 4722 5846 5843 5842 5841 5840 5849 3748 3740 240 4629 2275 2273 2279 2459 2450 2453 179 178 2052 2055 2054 2057 2056 3690 3691 4530 3696 6367 6366 6365 3524 3523 3520 3086 6217 6216 6214 6211 2698 4651 2693 2692 6219 6218 3233 3231 5199 5198 1616 1966 5196 1613 5193 4553 4550 3354 3357 3356 3353 3359 5440 5446 1766 1765 1142 1146 1147 5508 5506 5504 5505 693 1544 1545 1543 542 543 547 544 545 6403 1787 5616 5615 411 412 1385 1380 1381 1383 3827 3822 3829 3828 5135 4283 4286 4289 361 381 6178 387 388 4758 4759 4751 4752 4754 4757 1076 5874 5875 5878 3751 3750 3754 3757 3756 2193 2194 2199 2203 2209 2422 2423 2424 900 2426 4810 169 164 906 167 163 4839 6353 4529 6351 4526 3686 6196 6190 6278 2511 2731 2733 5296 5297 5294 5295 5290 3530 3532 3538 5057 5051 5053 1814 1817 1818 6227 6225 6228 6229 3229 3228 1979 3225 1976 1602 3220 3223 1970 808 908 801 800 807 2847 2842 2841 3320 5477 5471 3329 1777 1776 5270 5271 1773 1779 5279 1159 1155 1156 1152 5512 5516 3035 3036 3037 2994 2995 3032 533 57 2993 3030 3031 1904 5131 1397 1396 422 425 424 3595 3810 3818 6427 6420 6423 4297 4290 4293 6168 6161 6160 6163 6162 6165 6164 6166 4749 4748 4741 4747 4746 4745 5868 5867 5863 4715 2181 229 2184 4607 4603 4600 2212 2680 2219 2218 152 155 154 2430 2436 2435 6341 4518 4519 4513 4511 5763 6185 6184 6183 4204 2509 2506 2504 2503 2502 2726 5281 5280 5284 2729 2728 5047 5046 5043 1807 3780 3781 3786 3789 4997 6238 4991 6235 6230 3258 3259 3250 1940 3254 1947 1944 819 815 816 1490 5463 5465 1496 420 1499 1968 5262 5269 1129 2093 1121 4577 1125 1127 3028 2982 2981 3024 3023 3021 524 521 522 523 1014 1015 1234 1236 1231 4196 1238 1239 5670 5672 4358 5677 4353 439 434 4902 3809 3805 3806 3801 3800 3802 558 5709 5705 5706 6438 2868 4119 4776 4775 4772 4773 4176 4172 5811 5812 5814 5817 997 996 
5306 991 4617 4616 2228 2229 2220 2221 5925 1050 2468 148 4501 5353 120 2088 2080 2081 2534 2535 2713 2716 2715 3347 3344 129 5072 5073 5071 5076 5075 1830 1836 1837 3794 4981 4983 938 2400 933 932 931 937 6247 5388 1954 1953 1952 1959 1958 1828 3245 829 824 827 826 820 822 4925 618 1482 1480 5495 3304 3302 797 1712 5250 1710 793 792 791 6313 5259 6253 6251 3013 3011 3017 3015 510 513 2148 1003 514 516 4188 1224 1221 4186 5661 5667 5665 2882 2881 2885 2 3878 3870 3871 6402 10 6401 6407 16 5717 5716 5712 3906 3900 3903 4763 4762 4765 4769 4167 4161 4160 5800 5806 205 208 836 1570 2231 2235 5935 5931 3495 4571 2096 4574 4576 2092 3654 3657 2099 3651 3652 2521 2523 2522 1303 5065 5064 5066 5060 4880 4881 2700 4886 4408 4409 4405 4400 1822 6259 4978 2142 2141 920 921 4976 6250 6257 6256 6254 3274 5749 1929 3279 832 3475 830 831 3470 837 3478 5587 3319 5486 5485 3315 3317 3316 5248 5245 1727 5247 5243 1721 925 61 2438 3001 66 3008 1588 406 1582 1587 1584 1039 508 1030 505 1036 500 632 1211 1216 1214 638 1218 400 5656 5655 2898 2891 2890 1106 1455 1457 3868 3739 4086 4087 4088 4089 3860 3866 3865 6418 6415 5725 3917 3916 3914 3918 4152 4153 5834 4151 4156 4157 4154 4155 216 213 6084 5901 5907 5909 6182 3488 3481 3480 3485 3486 2474 325 4565 2551 2557 2558 2559 6390 2397 2399 4898 5014 5017 4892 4890 4894 1858 1859 6265 6261 4417 4415 1853 4411 6065 6066 6067 919 915 4966 916 911 910 913 912 5432 2603 2608 3261 1932 3264 1934 5125 1938 5121 5123 843 842 840 3469 3468 5238 1732 5234 5235 1737 753 3782 757 1805 1595 1594 2958 2959 2954 3079 1599 1024 1031 1023 1029 391 1034 5456 4365 606 603 602 1204 609 608 1202 5649 5457 5644 5647 6148 3108 3100 3102 3103 1112 1116 1118 1449 1448 4093 4090 4094 5735 5734 5737 5736 5733 5732 486 462 5738 1803 3923 2302 4787 4786 4783 4781 5820 5823 5829 5828 4147 3857 6099 6095 5919 5918 5911 5910 191 6380 3672 3670 4552 3677 3674 3675 2541 2544 2549 2548 2382 2385 5002 2769 3585 5005 3588 2760 2764 902 903 6273 901 6275 907 1843 4423 4420 909 1847 4427 4959 2169 6072 2167 2166 3252 6079 2162 2614 2613 2612 3256 1908 3294 5136 3296 3297 3291 1900 3293 854 856 851 853 3459 859 5228 5222 5221 5225 5224 745 749 3066 2947 2944 2941 5357 1051 5355 5354 1054 5352 5351 5350 5359 5358 1696 1694 1692 1699 4312 4313 4314 4315 4316 4318 1271 610 1273 1274 1275 1277 3117 3114 3331 5722 1470 1478 1306 5467 2595 3591 4228 5746 5748 495 4220 491 4223 25 5582 5583 
5306 3935 3934 4130 4132 4133 4134 4135 5692 5690 5691 5696 5697 5699 5303 5307 4045 4048 5968 7 5960 5964 2288 3666 3662 2282 2283 2285 4542 2058 2371 2372 2373 3592 2596 2597 2592 3594 5034 5030 1876 1084 1873 1871 4438 1879 975 6288 4940 183 6283 2119 186 184 185 2111 189 2623 2624 5108 1910 1912 5106 5830 3446 3440 867 2756 2020 2753 884 5212 3729 771 3384 3059 3054 2971 3052 1042 5360 5361 3380 1045 1044 1049 1689 1688 4302 4307 669 4304 4309 1265 3122 3120 3124 1467 1310 1319 6444 5750 5757 5756 4239 4237 3949 862 4129 4125 5685 5686 5682 6210 4053 5979 5978 5973 5972 5971 5970 3616 3617 3618 3619 2297 2295 3842 2561 2563 2567 2566 2369 2366 2582 5021 2589 2588 1861 4441 4442 1862 4444 1864 3724 3726 3720 4684 4685 4682 4935 4937 4938 4939 6293 6291 5576 6056 2107 5115 5114 5110 5113 2637 5119 5118 35 3430 877 874 875 3435 3436 871 4591 2033 2031 2746 4598 4599 4840 2039 890 897 5204 5208 1969 3544 3547 3549 1964 4566 2964 1967 2960 2963 762 763 1782 767 765 3049 1611 5378 5375 1077 5377 1674 1677 1097 4339 670 3135 3134 3136 3130 3132 1410 1412 1416 1323 1324 4647 6450 6452 5768 5762 4207 5760 5568 5569 5566 5560 1256 1527 1521 3959 3950 3956 3955 4112 4110 6432 5013 4062 4063 4060 5945 5942 4069 5019 3601 2773 3606 6119 6117 2359 2351 2354 471 4451 4450 4455 4454 3737 4459 3734 3733 1891 1892 2136 4693 4920 2132 2130 4929 957 956 6024 6025 5165 5166 5169 2645 3429 3422 4418 3427 3426 3425 6334 2003 4589 4855 2009 4852 3557 3552 3551 3550 668 3559 665 2910 1798 713 710 914 5308 5309 5301 1063 1062 1065 5305 2076 1669 1667 1665 593 592 595 1082 1080 4322 4325 4327 1088 3146 2824 3149 3387 5416 3382 3383 5412 5413 1402 3960 4212 1337 4219 1332 5778 5770 5775 5776 1492 32 5574 5573 5571 1537 1535 642 645 3097 3095 649 3099 339 337 336 333 332 4103 4106 4109 5127 3890 3896 3463 5952 5955 4075 4077 4076 4070 5795 5794 3963 5791 5790 3637 3633 2347 2340 2349 6101 6100 1888 1887 4465 4462 3705 2120 2123 2125 2124 2126 4912 940 4663 6031 6030 2659 2658 5755 2653 2650 2656 133 3415 137 3410 3411 3419 4869 6323 6322 4862 4860 2016 4867 1028 3562 3563 3560 3561 3564 3569 4481 4488 708 709 88 83 5313 5312 5311 5310 5317 1657 1739 582 2838 1634 3159 2830 1435 1980 5401 3398 1438 5408 1348 4261 4264 453 1345 1347 5540 5547 5544 1500 652 653 650 3084 1509 3081 5899 4669 3885 3884 4919 3889 2815 942 4004 4007 322 323 321 326 3974 3976 328 3625 3624 4714 2331 4717 6132 6133 3716 3712 3719 4473 4476 6006 4908 
5306 6005 6003 6000 4678 2484 4674 4904 2248 2244 2246 2247 995 994 2466 2467 2460 992 5146 999 5143 3401 3403 1026 126 3408 4875 4874 4871 2069 2799 6316 6315 2793 6319 2065 3372 5099 3579 3576 3573 2666 2664 4494 4493 722 2669 2939 2937 2933 2930 2931 5323 5329 1649 1648 578 572 2808 4366 3169 2803 2800 3161 1421 1420 1423 1425 4363 4429 1429 5438 3367 3360 3361 3363 731 6324 735 737 736 739 738 4274 1350 4368 5555 6240 6241 2006 1515 1517 934 5880 3184 3185 3187 3188 3189 4018 4015 357 3988 3989 351 3984 3986 3987 3981 359 6121 4707 2322 4705 4704 4703 4702 2324 2328 289 282 285 284 3762 3765 261 269 2499 6012 6015 6019 4641 2495 2494 2497 2496 4630 2259 2257 5159 2476 3224 983 981 984 985 116 119 2785 4802 4804 4805 2078 6308 6306 6300 6303 6302 3509 5088 3500 5082 3502 3504 3505 5085 3507 2671 2670 2673 2672 2921 2923 2926 5330 5335 5334 5338 3216 1985 3210 3211 3212 3213 1638 1988 1989 568 2811 2813 2819 565 567 3171 3173 3172 5428 1189 3374 3373 1183 3371 4390 724 1748 1745 1741 1164 1165 4963 1161 1162 4246 4243 4240 5524 5525 5529 472 5490 44 1568 1299 1291 1567 5253 4398 4399 1860 5634 5635 4393 4395 5744 1366 1365 3190 478 1369 
5307 4898 2960 3821 4155 2921 4721 3695 2650 1347 3631 3066 4106 5749 3734 1892 6166 1833 4704 1771 3109 1980 4145 5311 5310 2349 859 3344 5358 3805 2664 5907 508 645 1545 5001 1090 5166 4880 5732 589 3135 1594 5457 5361 3729 6066 2971 1770 5309 3953 3547 4925 2557 6132 5716 2218 4522 5306 5736 829 6160 5456 3147 2959 
4329 3949 4898 4318 2605 3805 2650 5119 1919 4453 5604 5256 1224 5775 3066 3410 394 2824 5073 3015 5762 1892 3419 854 5208 5033 5378 4593 5999 5092 3239 859 2666 1503 2664 1518 650 545 5543 3994 2503 2502 1566 501 3812 891 3765 1155 561 5540 5899 2764 6095 5960 5552 5736 3337 6155 3407 6066 5146 5046 3054 2971 5106 5257 1551 1622 4935 4919 1824 1063 1288 1011 6313 4978 4481 5451 1689 1937 3334 2399 5452 1369 
4328 6306 491 
4321 5179 3492 5477 3412 5509 4785 491 6006 625 6313 5622 2406 403 2952 996 5387 3933 2399 328 5516 3033 536 6259 411 1412 2066 4010 4898 191 4896 6140 1254 2069 3027 2548 3022 3388 5847 6066 1014 2664 3957 3956 3955 2931 5670 3264 106 5121 5576 3016 3356 2169 3216 3759 2592 2593 3750 3757 4434 4105 171 5433 856 3217 5942 5435 3513 1581 5546 859 1988 1505 3081 5020 2819 5024 4441 4609 4606 1599 1917 1622 2898 1187 5711 1748 5814 2438 154 3867 5118 2632 3531 5880 3066 4454 1892 4698 875 5193 871 1697 4591 4976 6228 6229 1750 2875 3 3354 5736 2971 481 4713 1975 1602 5446 1365 3986 
4320 3593 579 127 3145 118 5501 2321 2780 2343 4122 4415 2664 3974 2174 2246 2504 464 4564 3283 3282 3987 6313 5978 824 5817 2399 
4323 2557 3805 5716 2650 1598 1696 2664 2008 5121 5294 
4322 668 3495 1787 133 2096 3865 6084 6394 3550 4672 3559 4670 818 5900 403 1468 2245 3995 3994 409 2650 5385 1990 3935 2919 714 4884 1319 854 6099 3134 891 1959 6342 3183 2557 57 5333 3245 378 5919 2476 1084 2472 3813 195 4325 3829 1088 6141 3272 5306 4559 4555 3302 4800 5099 831 837 4417 4415 4726 2987 2664 522 208 1402 1650 6306 6300 5002 3959 3950 2603 2449 2051 2046 900 1435 31 3506 4188 2613 3805 2297 2191 5661 6438 1739 853 1582 3691 5540 4069 859 3515 3363 340 4272 3601 2811 3870 2422 1355 2045 168 2959 5899 2951 3885 4931 3205 1992 4682 3445 5716 3889 4070 867 1181 2358 4651 2350 2105 4650 749 5295 4240 3066 3738 1892 3231 1616 1818 3347 1197 1196 3187 2031 1758 2506 147 2852 5164 899 1276 5532 5736 5046 2971 3359 4805 5830 5636 1289 3662 472 5722 4589 478 1766 805 
4325 668 3066 3495 1787 133 2096 3865 6084 3345 6394 3550 4672 3559 4670 818 403 1468 3995 3994 409 1739 2650 5385 1990 2919 714 4884 1319 854 6099 3134 325 6342 5308 3183 2557 5306 2476 1084 2472 3813 195 4322 3829 1088 6141 3272 3245 4559 4555 3302 4800 5099 831 837 4417 4415 4726 2664 522 1402 1650 6306 6300 5002 3959 3950 2603 2449 2046 900 1435 31 3506 2104 4188 2613 3805 2297 2191 5238 853 3691 5540 859 3515 3363 5786 4272 3601 2811 3870 2422 1355 2045 168 2959 5899 2951 3885 4931 3205 1992 4682 3445 5716 3889 867 1181 2358 2105 4650 749 5295 4240 5881 3469 1892 3231 1616 1818 3347 1197 1196 3187 2031 1758 2506 147 2852 5164 899 1276 5532 5736 2426 5046 2971 3359 4805 5830 5636 1289 3662 472 5722 4589 478 805 
4324 5013 4360 1923 274 4477 2544 2301 3852 3418 4860 2586 2276 1498 6174 5514 4398 2122 2273 2318 2108 3989 
4327 3524 403 5306 6166 
4326 1166 3037 1144 1220 3805 2650 3021 3032 3028 2981 4004 1070 1736 5716 1505 3994 1069 4882 1135 4444 1889 4377 784 5834 4731 5401 2557 4664 4665 5303 1607 4663 32 1573 1516 1577 